1 1475
2 1446
3 1731
4 1600
5 1166
6 1986
7 1583
8 1737
9 1411
10 1187
11 1193
12 1086
13 1032
14 1001
15 1564
16 1202
17 1898
18 1918
19 1229
20 1634
21 989
22 1782
23 1617
24 905
25 972
26 1562
27 1528
28 1789
29 1392
30 1691
31 1951
32 1602
33 1745
34 1802
35 1060
36 1461
37 933
38 1962
39 1359
40 1933
41 1611
42 1441
43 1494
44 963
45 1223
46 1450
47 1891
48 1183
49 1662
50 1469
51 1155
52 970
53 1420
54 1780
55 1532
56 1722
57 1869
58 1106
59 1906
60 969
61 1349
62 1272
63 1273
64 1802
65 1290
66 1674
67 1219
68 1095
69 1189
70 1612
71 1505
72 1342
73 1305
74 1131
75 1219
76 1043
77 1827
78 923
79 1452
80 1895
81 1889
82 1420
83 1421
84 1503
85 1602
86 1380
87 1299
88 1659
89 1549
90 1328
91 1478
92 1298
93 1443
94 1921
95 1591
96 1966
97 1965
98 1315
99 1377
100 1145
101 1418
102 986
103 1070
104 1100
105 1565
106 1108
107 1472
108 1690
109 1495
110 1888
111 1584
112 1318
113 1921
114 1768
115 1042
116 1341
117 1367
118 1796
119 1003
120 1268
121 1368
122 923
123 1105
124 1291
125 1767
126 1579
127 1250
128 1539
129 1867
130 1758
131 1169
132 1342
133 1966
134 1541
135 1374
136 1048
137 1472
138 983
139 1100
140 1903
141 1267
142 1927
143 1951
144 1347
145 1692
146 1968
147 1268
148 1716
149 1465
150 1029
151 1838
152 1923
153 1767
154 1786
155 1789
156 1226
157 1980
158 1776
159 1784
160 1471
161 994
162 1140
163 1217
164 1966
165 1521
166 1441
167 1590
168 1564
169 1742
170 1957
171 1496
172 1486
173 1752
174 1751
175 1508
176 1046
177 1471
178 1176
179 1059
180 1644
181 1394
182 1571
183 1954
184 1468
185 924
186 1209
187 1214
188 970
189 1740
190 1480
191 1719
192 1044
193 1109
194 1095
195 1114
196 1780
197 1037
198 1046
199 1575
200 1875
201 1967
202 1229
203 1085
204 1819
205 1775
206 1991
207 1015
208 1162
209 1640
210 1096
211 1580
212 1443
213 1671
214 1511
215 1778
216 1817
217 1238
218 1192
219 1009
220 1118
221 1955
222 1047
223 1943
224 1395
225 1920
226 970
227 1898
228 1993
229 1601
230 1780
231 1664
232 1914
233 1539
234 1792
235 1788
236 1031
237 968
238 1057
239 1694
240 1001
241 1772
242 1611
243 1194
244 1800
245 1128
246 1641
247 1996
248 1638
249 1433
250 1733
251 1541
252 921
253 1625
254 1634
255 1570
256 1304
257 1508
258 1207
259 1233
260 1928
261 1062
262 1470
263 1996
264 1254
265 1582
266 1299
267 1924
268 1882
269 1098
270 1588
271 1979
272 1503
273 1968
274 1127
275 957
276 1723
277 1713
278 1279
279 1912
280 1165
281 1657
282 1721
283 1027
284 1014
285 1365
286 1692
287 1588
288 1757
289 1459
290 1675
291 1428
292 1147
293 1402
294 1581
295 1813
296 1181
297 979
298 1466
299 1032
300 1389
301 1405
302 1483
303 1213
304 1922
305 1446
306 1057
307 1869
308 1872
309 934
310 1067
311 1720
312 1152
313 906
314 1973
315 1889
316 1071
317 1244
318 929
319 1646
320 1332
321 1391
322 1269
323 1439
324 1985
325 1352
326 1687
327 1966
328 1564
329 1058
330 1333
331 1659
332 1940
333 1229
334 1800
335 1674
336 949
337 1525
338 1985
339 982
340 1171
341 1718
342 1530
343 979
344 1513
345 1471
346 1883
347 1369
348 1931
349 1962
350 1397
351 1246
352 1860
353 1069
354 1314
355 1300
356 1581
357 1498
358 1153
359 1446
360 1554
361 1382
362 1784
363 1290
364 1720
365 1215
366 1291
367 1442
368 1456
369 1605
370 1338
371 1368
372 1970
373 1536
374 1765
375 1256
376 1966
377 1825
378 1941
379 1728
380 902
381 1603
382 1114
383 1480
384 1081
385 1573
386 1938
387 1608
388 1957
389 1517
390 951
391 1748
392 1472
393 1299
394 1358
395 1075
396 1633
397 1548
398 1311
399 1972
400 1978
401 1741
402 1051
403 1428
404 1317
405 940
406 1037
407 993
408 1801
409 1863
410 1120
411 1551
412 1407
413 1313
414 1249
415 1968
416 1267
417 1966
418 962
419 1465
420 1840
421 1949
422 1941
423 1247
424 1210
425 1830
426 1950
427 1393
428 1471
429 1844
430 1049
431 1430
432 1986
433 1698
434 1187
435 1322
436 1456
437 1096
438 958
439 1680
440 1180
441 1321
442 1242
443 1357
444 1496
445 1511
446 1612
447 1225
448 1808
449 1239
450 1988
451 1732
452 1254
453 1204
454 1556
455 1400
456 1432
457 1854
458 1868
459 920
460 1437
461 982
462 1409
463 1140
464 984
465 1543
466 1281
467 1552
468 1893
469 1511
470 1389
471 1244
472 1978
473 1640
474 1737
475 1986
476 1819
477 1221
478 1823
479 1281
480 1636
481 1276
482 1012
483 1292
484 1358
485 1930
486 1507
487 1355
488 1138
489 1188
490 1228
491 1716
492 1426
493 1680
494 995
495 1789
496 1111
497 1721
498 1811
499 1334
500 948
501 1526
502 1117
503 1184
504 1019
505 1166
506 1315
507 1317
508 1053
509 1349
510 1100
511 1929
512 1471
513 1182
514 1420
515 924
516 1975
517 1339
518 1041
519 1639
520 917
521 1593
522 1365
523 1262
524 1023
525 1784
526 1796
527 1296
528 1641
529 1414
530 1824
531 1690
532 1934
533 1116
534 1575
535 1121
536 1256
537 1310
538 1208
539 1058
540 1789
541 1370
542 1662
543 1766
544 1488
545 1619
546 1197
547 1110
548 1804
549 1688
550 1373
551 1054
552 1786
553 1787
554 957
555 1096
556 1757
557 1086
558 1062
559 971
560 1309
561 1798
562 928
563 923
564 1347
565 1315
566 1669
567 1914
568 903
569 1273
570 1483
571 1895
572 1020
573 1065
574 1353
575 1218
576 1553
577 1885
578 1349
579 1758
580 1893
581 1316
582 1971
583 1196
584 1511
585 1274
586 945
587 1664
588 1213
589 1821
590 1342
591 1793
592 969
593 949
594 1103
595 1469
596 1548
597 1472
598 1287
599 967
600 1671
601 1311
602 1046
603 1884
604 1565
605 1154
606 1212
607 1018
608 1009
609 1375
610 1341
611 1299
612 1951
613 1072
614 1383
615 1877
616 1435
617 1581
618 1900
619 1563
620 1861
621 1528
622 1016
623 1678
624 1965
625 1037
626 1593
627 943
628 1659
629 1007
630 1355
631 1780
632 1167
633 1319
634 1856
635 1773
636 1768
637 996
638 1295
639 998
640 1806
641 1967
642 1457
643 1994
644 1090
645 1980
646 1206
647 1026
648 1990
649 1125
650 1248
651 1219
652 1424
653 1930
654 1005
655 1948
656 1383
657 1913
658 1670
659 1442
660 1470
661 1404
662 1720
663 1603
664 1731
665 1170
666 1946
667 1503
668 1408
669 1244
670 1850
671 1709
672 1286
673 1670
674 1267
675 1631
676 1523
677 1478
678 1258
679 1365
680 1913
681 1820
682 1639
683 1576
684 1540
685 1743
686 1660
687 1970
688 1210
689 1777
690 1551
691 1325
692 1978
693 1211
694 1316
695 1483
696 1571
697 1885
698 1123
699 1828
700 1462
701 1586
702 1470
703 1788
704 963
705 1862
706 969
707 1658
708 1382
709 1970
710 1435
711 1030
712 1503
713 1589
714 1650
715 986
716 1372
717 1103
718 1417
719 1108
720 1113
721 1267
722 1949
723 1813
724 1376
725 1532
726 1360
727 1277
728 1314
729 1976
730 1272
731 1532
732 1853
733 1050
734 925
735 1394
736 1064
737 1072
738 1081
739 932
740 1759
741 1244
742 1240
743 1621
744 1156
745 909
746 1813
747 1204
748 1747
749 1386
750 1247
751 1622
752 1458
753 1377
754 1647
755 1079
756 1217
757 956
758 1919
759 1328
760 1860
761 1286
762 1726
763 1298
764 1795
765 1493
766 1669
767 1222
768 1434
769 1461
770 1702
771 1325
772 1810
773 1063
774 1496
775 1320
776 1433
777 1946
778 1323
779 1005
780 951
781 1134
782 1900
783 1459
784 1251
785 1937
786 1306
787 1617
788 1865
789 1397
790 1795
791 1924
792 1244
793 914
794 1996
795 1762
796 1851
797 1073
798 1670
799 1806
800 1060
801 1176
802 1752
803 1098
804 1955
805 1480
806 988
807 1778
808 1489
809 1990
810 1161
811 1729
812 1805
813 1212
814 1780
815 1794
816 1514
817 1925
818 1364
819 1067
820 1245
821 1648
822 1264
823 1011
824 1402
825 1236
826 1807
827 1179
828 1100
829 1788
830 1191
831 1309
832 1579
833 1198
834 1842
835 1935
836 1833
837 1637
838 1119
839 1762
840 1212
841 1091
842 1745
843 1502
844 1067
845 1718
846 1303
847 1434
848 1643
849 1569
850 1802
851 1658
852 1686
853 1274
854 1324
855 1616
856 1347
857 1475
858 1718
859 1260
860 992
861 1686
862 1109
863 1024
864 1532
865 961
866 1664
867 1748
868 1296
869 1815
870 937
871 1463
872 1477
873 1532
874 1262
875 1314
876 1928
877 1291
878 1394
879 1049
880 1095
881 945
882 1202
883 1987
884 1181
885 1910
886 1840
887 1782
888 1857
889 1521
890 1773
891 1405
892 1951
893 1486
894 1349
895 1159
896 1323
897 1125
898 1958
899 985
900 1365
901 1975
902 1987
903 1779
904 1196
905 1566
906 1705
907 1042
908 1654
909 1208
910 1963
911 1095
912 1638
913 1690
914 1298
915 1417
916 1863
917 1633
918 1732
919 1466
920 1245
921 936
922 1839
923 1130
924 1881
925 1952
926 1559
927 1743
928 1106
929 1424
930 1539
931 1814
932 1255
933 1607
934 1196
935 1429
936 907
937 1236
938 1086
939 1244
940 1860
941 1872
942 1118
943 1000
944 1615
945 989
946 1154
947 1028
948 1119
949 971
950 1429
951 1614
952 1295
953 1472
954 1724
955 1946
956 1427
957 1119
958 1776
959 1183
960 1518
961 922
962 1851
963 1513
964 1952
965 1318
966 1707
967 968
968 1377
969 1794
970 1896
971 1173
972 1957
973 1936
974 1584
975 1080
976 1221
977 1695
978 1431
979 1722
980 1508
981 1780
982 1753
983 1231
984 1914
985 1124
986 1190
987 1846
988 940
989 1039
990 1019
991 1078
992 1430
993 1783
994 1546
995 1545
996 1923
997 1888
998 1532
999 967
1000 1308
