628	177	742	607	397	585		
679	225	676	456	606	870		
157	392	1217	1038	852	885		
669	818	1490	1393	940	741		
1208	1284	1791	1761	1192	869		
1496	1454	1786	1812	1199	845		
1144	975	1258	1280	667	313		
1208	868	885	960	358	187		
1258	764	249	402	382	710		
1445	967	305	323	880	1233		
1695	1194	365	593	894	1206		
2037	1561	886	1141	1047	1195		
1747	1361	1050	1233	792	729	
477	148	895	743	528	643		
351	157	984	802	672	786		
421	112	913	711	684	851		
707	205	623	454	444	707		
1110	609	233	227	406	760		
1069	587	325	70	616	963		
1218	723	147	111	603	957		
1524	1022	212	469	698	1013		
2197	1763	1224	1463	1199	1226		
2349	1973	1579	1795	1403	1314		
2378	2078	1852	2034	1538	1346		
2219	1990	1922	2066	1502	1238		
1966	1800	1878	1981	1378	1064		
1713	1470	1470	1585	997	719		
2111	2074	2322	2384	1765	1416		
617	197	746	523	652	896	
213	309	1127	923	855	959	
1251	785	338	184	801	1154		
1634	1149	396	503	996	1340		
1443	950	186	312	783	1131		
752	425	834	775	291	327		
727	259	654	541	314	551	
520	380	1040	928	549	521		
468	650	1385	1260	882	760		
1447	1229	1341	1419	806	486		
1887	1552	1327	1498	1001	845		
965	477	432	394	231	577		
913	502	664	649	94	328		
581	86	755	587	489	691		
475	145	876	662	702	897		
334	208	1010	802	776	920		
392	443	1187	1053	719	672		
127	602	1423	1214	1123	1170		
150	460	1268	1053	1008	1097		
356	547	1282	1045	1119	1257		
312	707	1493	1265	1260	1341		
270	753	1571	1358	1271	1304		
274	751	1577	1394	1187	1153		
412	763	1552	1402	1086	984		
229	609	1423	1255	1006	966		
133	518	1342	1164	958	957		
806	1024	1704	1608	1147	921		
1257	1292	1752	1737	1152	817		

