285  659  1228  624  324  970  626  150  979  452  1211  1250  1129  255  724  1385  806  1002  290  1002
302  193  1302  528  728  244  1235  1482  250  351  288  507  1129  620  519  641  197  308  1405  440
345  1246  481  597  499  170  123  995  672  650  269  1269  477  804  1478  770  871  640  913  525
664  507  177  727  130  231  1420  778  515  225  1248  595  1495  343  447  477  771  1037  548  742
723  583  394  1417  911  1041  876  206  536  861  951  1494  447  141  942  1332  1311  816  1139  868
361  744  865  625  985  740  854  716  1348  1005  1081  846  1112  1131  1263  1497  882  1359  1255  933
535  1222  1115  1011  226  116  1372  1479  408  316  328  176  496  576  319  545  520  494  862  371
345  543  708  226  206  331  464  980  1267  1391  548  858  692  243  1378  854  259  691  494  668
1317  1136  519  1203  1458  339  486  408  231  509  1065  1382  840  552  1443  199  218  124  333  1024
371  1286  1216  1408  1261  492  1112  793  441  1287  205  518  568  282  1033  224  1123  728  596  710
447  445  857  256  205  293  931  1446  635  395  591  941  106  1238  1056  319  671  236  347  491
936  1206  719  176  606  1467  427  850  149  1149  531  1328  981  483  1173  1324  252  744  196  1159
841  1472  765  673  668  1129  328  1063  977  276  798  969  960  1078  1485  710  640  588  443  1358
459  667  508  1309  1254  669  332  946  1268  1206  1107  1034  434  150  969  275  1400  1354  1060  543
1267  1146  167  1450  393  243  327  1302  281  1112  975  1081  634  842  996  1265  1104  826  1172  729
952  1339  381  163  1476  470  525  1082  696  980  1149  505  1353  1460  1358  1185  512  327  426  1351
950  670  828  969  211  978  633  1405  180  224  936  957  641  1492  1387  873  1395  911  1245  1021
969  544  948  418  1122  456  356  1035  1483  1135  1466  1265  654  1141  745  633  984  838  1081  899
737  760  1064  1466  1274  674  802  169  791  387  940  668  1352  908  1049  425  683  1469  262  701
719  1089  1483  1427  595  605  727  881  1027  1382  233  1300  612  122  1449  250  833  1005  509  1017
673  328  794  1255  834  1386  560  156  832  1102  1001  262  150  350  835  589  1328  1480  1076  548
1390  584  688  195  330  780  1291  945  1425  202  1030  895  1384  848  347  679  1235  654  548  479
1463  288  339  1261  223  962  377  602  494  367  910  825  283  106  722  465  1351  895  369  502
477  1474  724  1375  362  1459  245  986  1125  1184  387  560  816  1407  1019  546  280  1417  998  836
246  1235  1131  416  1318  1040  1405  866  599  800  685  1014  1316  1315  299  364  565  1275  1129  640
1328  1082  579  1218  670  953  153  908  925  1222  1186  260  695  1356  715  334  774  1355  279  783
706  1038  1447  1184  497  824  1347  557  464  1141  1045  374  1304  460  371  1117  1343  1077  646  143
781  121  586  1120  110  1040  502  802  1288  1231  921  385  558  244  818  988  490  982  648  327
799  409  1185  957  542  342  141  917  700  1416  794  1053  702  1002  1104  706  1322  688  917  1368
1198  469  421  158  1264  303  146  631  1057  649  579  1467  888  892  762  1364  187  389  500  1136
921  1340  534  922  941  1491  555  316  1104  381  905  1232  534  804  292  814  981  463  398  159
659  715  442  1429  1417  192  237  855  1218  940  193  470  1178  634  1383  277  1479  435  1403  1049
1374  700  294  871  1161  1054  594  228  1350  565  1004  602  256  1348  1299  928  298  1090  971  303
589  249  915  561  1226  167  692  683  440  315  199  738  447  452  595  1045  879  1172  356  1348
356  1382  338  833  1480  918  1492  726  595  313  769  465  927  687  508  577  674  854  772  928
890  507  585  579  289  170  267  1382  779  374  1238  783  1142  805  249  1170  1445  349  321  372
694  840  559  914  1146  1415  1405  134  186  871  1170  608  129  350  258  444  934  1047  257  255
1285  590  1008  738  479  752  201  1045  470  764  1193  439  402  1454  1057  779  219  867  390  1053
1000  137  1170  1065  1226  362  314  884  921  1397  1495  155  616  563  1361  567  637  508  295  1431
650  780  1293  982  1325  820  774  710  1159  1057  1358  1491  861  1173  216  1449  1005  1003  1263  825
591  148  1151  339  442  657  1148  473  1248  1416  1350  934  286  1402  1177  376  536  1336  963  873
299  600  1255  1320  911  777  1382  1017  972  1313  888  139  271  1181  233  924  942  1485  758  1056
709  551  518  474  425  1225  226  1374  1351  383  1357  379  748  1475  718  261  1010  995  776  182
448  739  1040  402  240  661  1167  1113  805  1180  1189  1354  1055  120  739  411  1065  1218  937  302
1219  1024  1130  185  964  143  578  212  1064  664  1334  1399  1305  306  620  150  1279  1004  490  1262
443  1361  1209  340  522  1421  1336  538  1141  931  842  1153  1085  442  814  530  382  1331  632  1464
1267  350  565  525  811  656  617  1338  738  1366  1046  1306  1269  1040  458  1497  381  111  435  489
870  893  860  925  1003  819  754  796  455  125  1029  155  324  752  419  998  1304  389  1082  1438
646  592  1135  154  311  829  788  1205  963  1170  1146  246  609  1449  1061  855  784  125  1034  863
566  490  1177  1253  1014  970  118  521  362  252  464  1091  1333  1241  492  322  830  1203  1041  744
1325  1390  593  117  628  910  132  993  1146  972  134  1389  465  1231  122  1011  427  603  455  879
947  1317  442  641  181  1407  1146  1005  316  845  859  619  1333  974  1310  1220  1088  560  1377  922
1093  614  1098  735  630  261  722  954  118  740  739  757  154  706  668  859  282  236  585  1398
474  395  892  178  1457  1209  131  138  415  1147  458  762  1101  467  364  1392  1140  625  172  484
504  477  784  608  380  1370  426  1320  632  730  119  1499  710  1154  730  1276  1026  1003  1410  298
518  657  615  1335  1167  915  409  970  526  311  1345  410  176  1392  407  1066  1304  940  771  891
136  791  1462  1221  1392  875  807  600  1365  1250  884  1457  946  1042  243  280  999  1187  601  843
1045  1261  1114  1222  735  774  1396  899  663  661  838  810  367  301  976  867  560  517  993  417
404  1088  1182  367  972  1077  1249  1188  552  641  1338  808  1176  935  1081  1202  163  1253  1084  1082
334  1367  1288  1156  1220  443  125  795  1248  911  655  1084  895  564  552  1200  1259  1363  558  179
1074  542  1119  134  350  1338  1027  106  1277  1188  110  206  284  435  1213  1489  402  783  159  169
117  1128  642  133  118  145  878  902  210  827  1483  562  134  1216  1495  892  1199  1059  1368  170
1072  361  653  107  274  513  565  157  894  1069  922  600  1136  124  547  784  1170  1340  843  412
1109  587  1125  632  509  1143  1273  1151  1283  270  1138  1097  1358  664  796  294  1400  733  606  1269
843  551  998  1395  912  955  1333  877  1267  526  974  632  1256  1487  374  1415  404  199  420  1089
1343  778  1144  874  109  857  471  1170  1286  1299  266  227  1158  1286  588  409  532  660  1309  191
300  1055  871  166  224  1096  292  1012  676  379  356  1381  1055  364  778  1371  377  994  645  790
763  566  1124  379  1006  275  1175  325  1379  1177  1453  1294  539  1455  111  1426  1062  1109  1416  435
292  937  801  659  559  342  1439  284  381  279  167  238  936  118  255  484  1116  209  791  894
485  464  959  1218  602  1371  1158  231  1487  695  748  534  1359  549  493  472  1211  493  1316  789
206  739  649  1049  567  1135  1479  805  996  604  525  1477  486  1389  1010  1374  161  1457  1480  664
1005  116  1478  162  1466  581  577  921  1130  801  169  1311  155  283  247  200  1423  540  1414  1474
1235  751  296  989  1098  989  835  247  1130  639  1447  1031  440  1168  1185  559  748  1328  1401  726
551  1043  1073  380  1016  619  143  1219  328  312  340  291  1096  1416  852  1046  119  1269  1492  130
1496  1383  281  488  106  1258  400  744  1207  1102  1095  1261  374  474  719  1437  173  1018  1495  485
947  1373  1380  405  501  637  1342  264  1217  818  926  557  379  992  962  678  605  1009  1437  557
870  1193  725  457  191  1323  576  1083  903  1467  961  246  1249  1421  1455  412  111  757  1226  405
965  337  568  1100  518  447  1453  411  1059  1152  983  332  725  692  1398  1306  119  829  731  1274
243  136  682  709  736  169  232  293  660  1498  1389  1297  657  472  765  361  1029  527  633  1368
321  713  1376  1426  808  1240  1075  594  510  117  756  296  606  796  228  859  1423  633  124  1489
515  1194  1302  414  551  201  892  799  535  1371  184  356  808  160  129  1395  202  224  652  634
256  692  1092  898  1483  287  900  251  285  593  1214  282  255  395  144  1172  271  1169  995  1102
1000  1332  1429  489  638  1315  540  818  389  1120  1223  665  727  814  368  388  1067  321  266  682
224  366  593  1371  331  499  1264  1053  488  1494  897  191  870  1167  474  745  1191  322  299  437
360  585  177  1052  468  476  1129  1135  808  214  1478  1131  438  633  253  821  275  891  1230  144
464  997  396  1283  279  1433  405  728  835  1358  687  722  833  1346  594  1493  322  685  113  967
1256  568  1127  836  850  988  1253  311  1049  998  232  1491  765  1079  1381  219  1213  1130  216  349
1482  1117  494  1221  853  1353  689  1495  236  109  1500  295  257  705  1201  729  111  1056  619  1194
1374  1277  1372  1208  571  834  728  1116  1487  252  1089  403  1044  895  614  1084  462  1371  800  426
1149  1278  1106  1323  642  1300  995  1020  1302  524  1308  699  857  206  1008  912  736  1349  1223  931
969  224  1466  697  323  1468  294  331  1173  469  840  908  434  1123  872  1041  1213  1413  1039  521
830  716  724  1186  1266  1228  214  636  1044  892  1122  1122  403  1094  849  1355  132  253  761  1083
1486  474  1000  1383  226  1499  698  1416  873  1402  817  1291  576  1049  527  618  1222  910  202  253
1175  370  421  109  763  314  1373  565  1222  495  1415  1103  473  1373  1012  1219  1244  520  1273  435
1147  1433  883  770  377  832  351  1102  421  1176  1499  815  297  979  1170  600  1218  700  211  1079
895  1110  592  1393  1485  528  1497  328  597  1190  1427  1175  318  1130  155  462  1192  905  278  1125
1154  1149  1070  951  860  246  1259  201  319  1498  104  636  268  1370  589  990  1123  456  1325  903
991  1314  784  942  1298  568  332  428  1390  660  527  1056  1344  825  664  1316  764  1496  994  1230
1409  1045  1384  1265  1494  743  1087  1202  466  496  1261  463  240  1453  622  1382  196  1125  1195  731
1202  1130  1284  366  336  415  390  296  682  1468  1050  477  900  1339  597  996  1443  973  775  932